
small 5x5
0 3 0 2 0
3 0 1 0 4
0 1 0 6 0
2 0 6 0 7
0 4 0 7 0
small 5x5
0 3 0 2 3
3 0 6 0 9
0 6 0 6 0
2 0 6 0 7
3 9 0 7 0
small 5x5
0 2 2 4 7
2 0 9 7 0
2 9 0 3 7
4 7 3 0 8
7 0 7 8 0
medium 10x10
0 3 0 2 0 0 0 0 1 0
3 0 1 0 4 0 0 0 0 2
0 1 0 6 0 0 0 0 0 0
2 0 6 0 7 0 0 0 0 0
0 4 0 7 0 0 0 0 0 0
0 0 0 0 0 0 1 2 0 8
0 0 0 0 0 1 0 0 0 0
0 0 0 0 0 2 0 0 0 0
1 0 0 0 0 0 0 0 0 3
0 2 0 0 0 8 0 0 3 0
medium 10x10
0 0 0 10 0 0 2 0 0 0
0 0 0 0 3 0 3 0 0 4
0 0 0 0 5 0 0 0 0 8
10 0 0 0 2 0 0 10 1 0
0 3 5 2 0 10 6 0 0 0
0 0 0 0 10 0 9 0 0 0
2 3 0 0 6 9 0 0 0 2
0 0 0 10 0 0 0 0 0 0
0 0 0 1 0 0 0 0 0 0
0 4 8 0 0 0 2 0 0 0
medium 10x10
0 0 9 0 0 0 4 5 0 1
0 0 0 9 0 1 0 0 0 0
9 0 0 0 0 2 6 7 8 6
0 9 0 0 6 5 10 0 0 0
0 0 0 6 0 0 10 10 0 0
0 1 2 5 0 0 0 0 0 0
4 0 6 10 10 0 0 0 9 0
5 0 7 0 10 0 0 0 1 0
0 0 8 0 0 0 9 1 0 0
1 0 6 0 0 0 0 0 0 0
large 20x20
0 3 0 2 0 0 0 0 1 0 0 0 0 0 0 0 0 0 0 0
3 0 1 0 4 0 0 0 0 2 0 0 0 0 0 0 0 0 0 0
0 1 0 6 0 0 0 0 0 0 0 0 0 0 0 0 0 0 0 0
2 0 6 0 7 0 0 0 0 0 0 0 0 0 0 0 0 0 0 0
0 4 0 7 0 0 0 0 0 0 0 0 0 0 0 0 0 0 0 0
0 0 0 0 0 0 1 2 0 8 0 0 0 0 0 0 0 0 0 0
0 0 0 0 0 1 0 0 0 0 0 0 0 0 0 0 0 0 0 0
0 0 0 0 0 2 0 0 0 0 0 0 5 0 0 0 0 0 0 0
1 0 0 0 0 0 0 0 0 3 0 0 0 0 0 0 0 0 0 0
0 2 0 0 0 8 0 0 3 0 0 0 0 0 0 0 0 0 0 0
0 0 0 0 0 0 0 0 0 0 0 1 0 0 0 0 0 0 0 0
0 0 0 0 0 0 0 0 0 0 1 0 3 0 0 0 0 0 0 0
0 0 0 0 0 0 0 5 0 0 0 3 0 1 0 2 0 0 0 0
0 0 0 0 0 0 0 0 0 0 0 0 1 0 0 0 0 3 0 0
0 0 0 0 0 0 0 0 0 0 0 0 0 0 0 2 0 0 0 4
0 0 0 0 0 0 0 0 0 0 0 0 2 0 2 0 8 0 0 0
0 0 0 0 0 0 0 0 0 0 0 0 0 0 0 8 0 0 2 0
0 0 0 0 0 0 0 0 0 0 0 0 0 3 0 0 0 0 0 2
0 0 0 0 0 0 0 0 0 0 0 0 0 0 0 0 2 0 0 0
0 0 0 0 0 0 0 0 0 0 0 0 0 0 4 0 0 2 0 0
large 20x20
0 0 0 0 0 0 0 0 1 0 0 0 0 0 0 0 0 0 0 6
0 0 0 0 0 8 0 0 0 0 0 0 0 5 0 0 1 0 0 0
0 0 0 0 0 0 0 0 0 0 0 0 3 0 6 0 0 0 0 0
0 0 0 0 0 0 0 0 0 0 0 5 0 0 0 7 0 6 0 0
0 0 0 0 0 0 0 0 0 0 0 0 5 0 0 0 0 0 7 0
0 8 0 0 0 0 0 0 0 0 0 0 0 0 0 0 0 0 0 0
0 0 0 0 0 0 0 0 0 7 0 0 0 0 0 0 0 0 0 0
0 0 0 0 0 0 0 0 0 0 0 0 3 0 0 0 0 0 6 0
1 0 0 0 0 0 0 0 0 0 0 0 0 0 0 0 0 0 0 0
0 0 0 0 0 0 7 0 0 0 8 0 0 7 0 0 0 0 0 0
0 0 0 0 0 0 0 0 0 8 0 0 0 0 0 0 8 0 3 7
0 0 0 5 0 0 0 0 0 0 0 0 0 0 0 0 0 0 0 8
0 0 3 0 5 0 0 3 0 0 0 0 0 0 0 0 0 0 0 0
0 5 0 0 0 0 0 0 0 7 0 0 0 0 0 0 2 2 0 0
0 0 6 0 0 0 0 0 0 0 0 0 0 0 0 7 0 0 0 0
0 0 0 7 0 0 0 0 0 0 0 0 0 0 7 0 0 0 0 0
0 1 0 0 0 0 0 0 0 0 8 0 0 2 0 0 0 0 0 0
0 0 0 6 0 0 0 0 0 0 0 0 0 2 0 0 0 0 0 0
0 0 0 0 7 0 0 6 0 0 3 0 0 0 0 0 0 0 0 0
6 0 0 0 0 0 0 0 0 0 7 8 0 0 0 0 0 0 0 0
large 20x20
0 0 0 0 0 0 0 0 0 0 0 0 0 0 0 0 0 0 0 8
0 0 0 0 0 0 0 10 10 0 0 0 0 5 0 0 0 0 0 0
0 0 0 0 0 1 6 0 0 0 0 0 0 6 0 0 0 0 0 0
0 0 0 0 0 6 0 0 0 0 0 4 0 0 0 0 0 5 0 0
0 0 0 0 0 0 0 2 0 3 0 0 0 4 0 0 0 0 0 0
0 0 1 6 0 0 10 0 3 0 0 0 0 0 0 5 0 3 0 0
0 0 6 0 0 10 0 0 0 0 0 0 0 0 0 0 0 0 0 0
0 10 0 0 2 0 0 0 0 0 0 0 0 4 0 6 0 0 0 7
0 10 0 0 0 3 0 0 0 8 5 0 0 0 0 0 0 0 0 0
0 0 0 0 3 0 0 0 8 0 0 0 0 5 0 0 0 0 0 6
0 0 0 0 0 0 0 0 5 0 0 0 0 0 7 0 0 0 0 0
0 0 0 4 0 0 0 0 0 0 0 0 0 0 7 0 0 7 10 0
0 0 0 0 0 0 0 0 0 0 0 0 0 0 10 5 0 0 0 0
0 5 6 0 4 0 0 4 0 5 0 0 0 0 0 0 0 0 0 0
0 0 0 0 0 0 0 0 0 0 7 7 10 0 0 0 10 0 0 0
0 0 0 0 0 5 0 6 0 0 0 0 5 0 0 0 0 0 0 1
0 0 0 0 0 0 0 0 0 0 0 0 0 0 10 0 0 0 0 0
0 0 0 5 0 3 0 0 0 0 0 7 0 0 0 0 0 0 0 0
0 0 0 0 0 0 0 0 0 0 0 10 0 0 0 0 0 0 0 0
8 0 0 0 0 0 0 7 0 6 0 0 0 0 0 1 0 0 0 0
